$ANSIBLE_VAULT;1.1;AES256
30613035323266373630393035376133343831666539383831373230626435356263333634353065
3331643732373535616461373833316538346238633761650a663339646661636631373739653932
31383639656337323965393339353161313663396534653835376136336463313561346438386136
3066396633656433340a616265396462333065303833356161343333333935613865316534366537
64623465373730643433326139386364633563356230356165306135646562356535303763616336
33396361323839396662613263343235643266323930373064323333653862363963616532393539
30663831666363373265313633666236646439353039653436646632326366333731353137383234
30316639333461326166623864346165653136313334653537396230343134383561646662323337
34363966346465636130663030333465666466633235363561343237613736366637303961626331
33646430306537313534653362346461363661643166313764356138626166396638353465303564
39333234363332363761613764623332303264656430623763303439313836323061303165613239
39663562623335636436336161343464623132356138646333343366656331323062633936633265
30633032666339323831346338346666306639316164336234313931663263356334633732653134
34313931646239366530666536626630333630346662613536366634656364393434653638353361
66666366323336383538656237396162633835336437646633653665656236663661663239663364
65353961306632326265303331393535346164396662343834653837346365353361333464313334
39376634623362663863373239323561643665653966323163323062663136383039303538343237
37666665346338326365616666383561346563373539633664663032396433653766366161663030
61346330393234613561316439666635363865633539373261356334663035356431373939636236
37316337316363333861383334333565336363626365376431353330383562616336333865313338
39363433383535303633626661363162633332393861313565323935616233393339306539646439
39306532343663653134663537363431336266396136663662353062386431396133386235663030
63363961303439336431666437343061373930346265356631366530343061333834326362643735
66356132373063373831633761313363336264323663336334316331393737383936336366616166
38373564316231333334653237643035653561313163616130373364646533643237