$ANSIBLE_VAULT;1.1;AES256
37373464653032366266393132376236343834613164656236623834626464653366666664346236
3331653138353964373563623161346432396531613863390a396662393365663035333730356665
31306136663732653166633233636461623731313037303461623364376631346632613364383932
3733353938313364360a306431636166363934333165616361306339323364323862386130333463
32346264656461633836333263363435653336353736313463313764633761626638386464656230
33623533323566373039316637643534636361646237336238323534623031616334343238666266
31613839376437386133636137303335303732636636623737326231386564313836303535376639
36666431616131393664326562326133643233633665336335356461326438313662623737643532
34396133383739363461356638306465353033646231376230356433613133623964323361363231
36396530666136343038613131366238623533353531633630353461303366326639656136383638
64396665376635616232613435383839356138373331343663333835393232653830663236363565
32626639626561643236313839316465383561623036323239386237313536343831626165383761
63326433336435643039633032313035313530346566353666666662623463646436656136346131
36656639653639656335663432303864613164393138663135663337336365306665316238393764
61316636653264386263303563376434326531636236346435633161616436333363343534353436
63316639656363326433356262326237353236323538663864336330663566313634626565316461
38643138636561653035613032383034326663623730303132653763396239643534326362343832
65363532303934353364633265636666356433346237363138663534333534396261396430623839
31396564653731633437643831623537333336613664393765393437303430396530633838626364
62343130393131613533343639336235353437306665393937353866373663303332646264623535
32303531643835646433343466363339613466636336656330343031626564343438633438363965
31663931636162613863363838323131343962613739343262356266623032363739343864313961
33656566376330663238383162323163643739386130333365636131326264386466336634386132
36333435393165363730373433663334633934376362626436633535616434643365303761653166
36306534393966623737333666646538373861356538313237386435346466386236
